eval_loss = 0.5108836062492863
mae = 0.4292556591072941
r = 0.745793146456204
rmse = 0.7197982351176265
